48, 4, 6, 2400.
0, 6, 100, 20, 6, 12, 100, 35, 12, 19, 100, 40, 19, 24, 100, 15.
0, 6, 250, 50, 6, 12, 250, 65, 12, 19, 250, 80, 19, 24, 250, 70.
0, 6, 300, 60, 6, 12, 300, 72, 12, 19, 300, 90, 19, 24, 300, 85.
0, 6, 450, 75, 6, 12, 450, 85, 12, 19, 450, 120, 19, 24, 450, 100.
0, 6, 600, 120, 6, 12, 600, 130, 12, 19, 600, 150, 19, 24, 600, 135.
0, 6, >600, 200, 6, 12, >600, 250, 12, 19, >600, 290, 19, 24, >600, 270.
10
Kulkas, 900, 48, 0, 24, wajib, 1.
TV_LCD_125inch, 500, 10, 5, 13, wajib, 2.
Pemanas_ruangan, 250, 10, 5, 24, opsional, 1.
Recycler, 125, 2, 0, 24, wajib, 2.
AC, 400, 10, 5, 24, wajib, 1.
Boombox, 50, 48, 0, 24, wajib, 1.
PS4, 100, 10, 15, 24, wajib, 1.
Xbox180, 100, 10, 15, 24, wajib, 1.
Nintendo_wii, 25, 10, 13, 24, wajib, 1.
Oven, 25, 2, 12, 15, opsional, 1.
